#MJD	log(Lx_bol)	log(Lx/L_Edd)	log(L_opt)	log(Lopt/L_Edd)
				
52350.22855	36.01069546875216	-2.8605270880075464	35.15277069060024	-3.718451866159465
				
				
				
				
				
				
				
				
52359.494099999996	36.80233738081726	-2.0688851759424507	35.46077069060024	-3.410451866159465
				
				
				
				
52366.47045	38.02168596131515	-0.8495365954445572	35.776770690600245	-3.0944518661594627
52367.57605	38.194668233170816	-0.676554323588891	35.84877069060024	-3.022451866159467
				
				
52371.4204	38.4231708519108	-0.4480517048489102	36.044770690600245	-2.826451866159462
				
52373.27485	38.61654601842665	-0.2546765383330606	36.08077069060024	-2.7904518661594677
52382.23435	38.59933419184197	-0.2718883649177383	36.148770690600244	-2.7224518661594628
52383.21765	38.60592916865224	-0.26529338810746855	36.136770690600244	-2.7344518661594632
52384.223450000005	38.60949234050164	-0.26173021625806825	36.09277069060024	-2.7784518661594673
52386.1875	38.61866065561372	-0.2525619011459835	36.200770690600244	-2.670451866159463
52388.19595	38.62708533841287	-0.24413721834683857	36.18077069060024	-2.6904518661594663
52390.587450000006	38.65084533898512	-0.22037721777458585	36.17677069060024	-2.694451866159464
52391.35485	38.64536980242153	-0.22585275433817997	36.20477069060024	-2.6664518661594654
				
52394.35545	38.65156170117955	-0.21966085558015444	36.21677069060024	-2.654451866159465
				
				
				
52398.98995	38.64197263946619	-0.22924991729351776	36.12877069060024	-2.742451866159466
52400.5303	38.60653924250901	-0.2646833142506989	36.05277069060024	-2.8184518661594664
#52735.998485000004	37.62441316591809	-1.2468093908416147	35.172770690600245	-3.698451866159462
				
#52740.171435	37.508411777997814	-1.3628107787618928	35.248770690600246	-3.6224518661594614
#52742.361415	37.54820689487491	-1.3230156618847984	35.18077069060024	-3.6904518661594663
				
#52747.837495	37.31337711568533	-1.55784544107438	35.21677069060024	-3.654451866159465
#52750.360855	37.237237175496624	-1.6339853812630831	35.15677069060024	-3.714451866159467
#52751.436385	37.206901672922584	-1.6643208838371235	35.276770690600245	-3.5944518661594627
#52756.83149	37.02376862557782	-1.8474539311818843	35.28477069060024	-3.586451866159467
				
				
52763.27235	36.79402976541508	-2.0771927913446246	35.29277069060024	-3.5784518661594644
				
				
				
52774.778395	36.504107465004694	-2.3671150917550134	35.248770690600246	-3.6224518661594614
				
				
				
				
52784.14855	36.28053218212789	-2.590690374631815	35.120770690600246	-3.7504518661594615
				
				
				
				
				
				
				
				
				
				
				
				
				
				
				
				
				
				
				
				
				
				
				
				
				
				
				
				
				
				
				
				
				
				
				
				
				
				
				
				
				
				
				
				
				
				
				
				
				
				
				
				
				
				
				
				
				
				
				
				
				
				
				
				
				
				
				
				
				
				
				
				
53044.306280000004	36.71785065147522	-2.15337190528449	35.40077069060024	-3.4704518661594674
				
				
53048.54657	37.02891860403881	-1.8423039527208998	35.456770690600244	-3.414451866159463
53050.51697	37.14517782179869	-1.7260447349610173	35.46477069060024	-3.4064518661594674
53051.51183	37.2561324037372	-1.6150901530225097	35.51677069060025	-3.3544518661594607
				
53054.436570000005	37.385865659208605	-1.4853568975511022	35.51277069060024	-3.3584518661594656
53055.619605	37.425112848656475	-1.4461097081032317	35.52877069060024	-3.3424518661594673
53056.387595	37.46495263174809	-1.4062699250116166	35.52877069060024	-3.3424518661594673
53057.298675	37.51870326508399	-1.3525192916757147	35.584770690600244	-3.286451866159463
53058.61749	37.54633805008876	-1.3248845066709505	35.57677069060024	-3.2944518661594655
53059.48025	37.55919092789154	-1.3120316288681648	35.58077069060025	-3.2904518661594606
				
53062.398709999994	37.62625967038913	-1.244962886370575	35.672770690600245	-3.198451866159462
53063.347105	37.662815836545356	-1.2084067202143514	35.60077069060024	-3.2704518661594646
53064.527044999995	37.70495515996525	-1.1662673967944555	35.65677069060024	-3.214451866159467
53066.576915	37.81452140251667	-1.0567011542430391	35.70877069060025	-3.1624518661594605
53067.342359999995	37.746313934853276	-1.1249086219064306	35.620770690600246	-3.2504518661594615
53068.32187	37.82232023436218	-1.0489023223975265	35.68877069060024	-3.1824518661594636
53069.190325	37.74306479521527	-1.128157761544439	35.736770690600245	-3.134451866159462
53070.21073	37.89095819204515	-0.9802643647145598	35.66477069060024	-3.2064518661594645
53071.09379	37.91853094888532	-0.9526916078743878	35.760770690600246	-3.110451866159461
53072.33361	37.90342377530269	-0.9677987814570157	35.73277069060024	-3.1384518661594667
53073.0841	37.92912835290562	-0.9420942038540855	35.72877069060024	-3.1424518661594645
53074.166150000005	37.90731396269706	-0.963908594062647	35.73277069060024	-3.1384518661594667
53075.19914	38.00282011855748	-0.8684024382022271	35.748770690600246	-3.1224518661594614
53076.153170000005	38.08055392566112	-0.7906686310985859	35.79277069060024	-3.0784518661594644
53077.500665	37.989478216148754	-0.881744340610953	35.78077069060024	-3.090451866159465
53078.50533	38.06743473046825	-0.8037878262914572	35.78077069060024	-3.090451866159465
53079.212920000005	37.94538733514897	-0.9258352216107352	35.752770690600244	-3.1184518661594636
53080.045484999995	38.00424099873917	-0.8669815580205364	35.816770690600244	-3.0544518661594635
53081.43116	38.10240886824087	-0.7688136885188355	35.824770690600246	-3.046451866159461
53082.304525	38.0300749958919	-0.8411475608678058	35.812770690600246	-3.0584518661594613
53087.618425	38.06387324404117	-0.8073493127185384	35.788770690600245	-3.082451866159462
53088.245295	38.147917343219596	-0.7233052135401107	35.82077069060024	-3.0504518661594657
53089.508035	38.0740607751572	-0.7971617816025071	35.764770690600244	-3.106451866159463
53090.42993	38.09032000361215	-0.7809025531475581	35.80477069060024	-3.066451866159464
53091.535019999996	38.07392063729429	-0.7973019194654141	35.79677069060024	-3.0744518661594666
53092.4067	38.0811912791353	-0.7900312776244105	35.80477069060024	-3.066451866159464
53096.298635	38.10863292238381	-0.7625896343758951	35.800770690600245	-3.0704518661594618
53097.29395000001	38.14591551195192	-0.7253070448077876	35.824770690600246	-3.046451866159461
53098.380865	38.07319506355051	-0.7980274932091999	35.752770690600244	-3.1184518661594636
53099.25666	38.127727543481654	-0.7434950132780527	35.79677069060024	-3.0744518661594666
53099.93619	38.137564232693215	-0.733658324066492	35.76877069060024	-3.1024518661594653
53101.116705	38.067351323162185	-0.8038712335975217	35.78477069060024	-3.086451866159467
53102.25612	38.058428066778	-0.8127944899817078	35.712770690600244	-3.1584518661594627
				
53104.18097	38.130154608523675	-0.7410679482360321	35.72877069060024	-3.1424518661594645
				
				
53107.378785	38.0762872392386	-0.7949353175211041	35.752770690600244	-3.1184518661594636
53108.316795000006	38.08277584706994	-0.7884467096897678	35.78077069060024	-3.090451866159465
				
53110.234645	38.16364755473995	-0.7075750020197543	35.748770690600246	-3.1224518661594614
				
53112.435165	38.07298199843904	-0.7982405583206668	35.684770690600246	-3.1864518661594614
53113.52478	38.03819486631132	-0.833027690448385	35.69277069060024	-3.178451866159466
53114.393125	38.03171861753381	-0.8395039392258948	35.68077069060024	-3.1904518661594663
53115.408364999996	38.14787658161819	-0.7233459751415151	35.696770690600246	-3.174451866159461
				
53123.012749999994	37.87426852858931	-0.9969540281703954	35.660770690600245	-3.2104518661594623
53124.0455	37.88088437938503	-0.9903381773746771	35.64477069060025	-3.2264518661594606
53125.456865	37.8570551335326	-1.0141674232271096	35.56477069060024	-3.306451866159466
53126.42628	37.81392376962322	-1.0572987871364843	35.632770690600246	-3.238451866159461
53127.524945	37.847327329245395	-1.0238952275143118	35.596770690600245	-3.2744518661594624
53129.022339999996	37.842512249180544	-1.0287103075791633	35.648770690600244	-3.2224518661594628
53130.09708	37.82823200827634	-1.0429905484833693	35.620770690600246	-3.2504518661594615
53131.342535	37.841068819887234	-1.0301537368724736	35.660770690600245	-3.2104518661594623
				
53134.151405	37.82180234363373	-1.0494202131259796	35.636770690600244	-3.2344518661594632
				
				
				
53137.269425	37.89792844589507	-0.9732941108646384	35.62477069060024	-3.2464518661594637
				
53139.283245	37.87800281197427	-0.9932197447854375	35.54877069060024	-3.322451866159464
53140.152149999994	37.769416267245006	-1.101806289514701	35.62877069060024	-3.242451866159466
				
				
				
53144.99781	37.81531112478889	-1.0559114319708156	35.61677069060024	-3.2544518661594664
				
53148.841985	37.796892892852746	-1.074329663906961	35.636770690600244	-3.2344518661594632
				
				
				
53154.35018	37.77851843623659	-1.0927041205231187	35.620770690600246	-3.2504518661594615
53158.273445	37.72525923367606	-1.1459633230836443	35.62477069060024	-3.2464518661594637
				
53162.27971	37.77450191098151	-1.096720645778194	35.56077069060024	-3.3104518661594637
				
				
53168.40975	37.83144528238381	-1.0397772743758962	35.584770690600244	-3.286451866159463
				
53171.655490000005	37.824583063741024	-1.0466394930186835	35.556770690600246	-3.3144518661594615
				
53175.2352	37.83791789910201	-1.0333046576576974	35.556770690600246	-3.3144518661594615
53179.81585	37.8027436558931	-1.0684789008666042	35.61677069060024	-3.2544518661594664
				
				
53184.155145	37.834081180622604	-1.0371413761371029	35.532770690600245	-3.3384518661594624
				
				
				
53189.96213	37.856337844531346	-1.014884712228361	35.70477069060024	-3.1664518661594654
				
				
				
				
53196.162695	37.98585281104634	-0.8853697457133647	35.62877069060024	-3.242451866159466
53197.176615000004	37.93171767021864	-0.9395048865410683	35.75677069060024	-3.114451866159466
53201.228015	38.05587619318391	-0.8153463635757942	35.700770690600244	-3.170451866159463
				
				
53204.216705	38.096686351283076	-0.7745362054766315	35.75677069060024	-3.114451866159466
				
				
				
				
				
				
				
				
53218.114255	38.17977582660804	-0.6914467301516706	35.72877069060024	-3.1424518661594645
				
53226.27996	38.132399248318904	-0.7388233084408026	35.68077069060024	-3.1904518661594663
#53478.022155	37.821015695505096	-1.050206861254611	35.184770690600246	-3.6864518661594614
#53482.392725	37.60514759042631	-1.2660749663333943	35.316770690600244	-3.5544518661594635
#53483.347725	37.57008906411843	-1.3011334926412799	35.32077069060024	-3.5504518661594657
#53484.496425000005	37.515235651745485	-1.3559869050142224	35.392770690600244	-3.478451866159463
#53486.177265	37.44276927023703	-1.4284532865226778	35.376770690600246	-3.4944518661594612
53488.985105	37.36767416662504	-1.5035483901346707	35.404770690600245	-3.4664518661594625
53490.43957	37.301149024142816	-1.5700735326168909	35.392770690600244	-3.478451866159463
53491.48586	37.24041108352242	-1.6308114732372898	35.43277069060024	-3.438451866159464
53492.347420000006	37.19653082851431	-1.6746917282453948	35.364770690600245	-3.5064518661594617
53493.093405	37.18489675030096	-1.6863258064587496	35.416770690600245	-3.454451866159462
53496.12678	37.12140494715547	-1.7498176096042382	35.40877069060024	-3.4624518661594648
53497.57844500001	36.997637306144995	-1.8735852506147124	35.392770690600244	-3.478451866159463
53499.121575	37.0858713237397	-1.7853512330200045	35.388770690600246	-3.482451866159461
				
				
53502.228665	36.911260998203744	-1.9599615585559629	35.388770690600246	-3.482451866159461
				
				
				
				
				
				
				
				
				
				
				
				
53526.1621	36.13893957263663	-2.732282984123077	35.11677069060024	-3.7544518661594664
				
				
53537.321895	35.975507341819736	-2.8957152149399716	34.91277069060024	-3.958451866159467
				
				
				
				
				
				
				
				
				
				
				
				
				
				
				
				
				
				
				
				
				
				
				
				
				
				
				
				
				
				
				
				
				
				
				
				
				
				
				
				
				
				
				
				
				
				
				
				
				
				
				
				
				
				
				
				
				
				
				
				
				
				
				
				
				
				
				
				
				
				
				
				
				
				
				
				
				
				
				
				
				
				
				
				
				
				
				
				
53860.581455	37.44007358345736	-1.4311489733023448	35.544770690600245	-3.326451866159462
				
				
				
				
				
53869.371885	37.19173032592851	-1.6794922308311966	35.51677069060025	-3.3544518661594607
				
				
				
				
				
53876.222275	36.858763877030384	-2.012458679729323	35.39677069060024	-3.474451866159465
				
				
				
				
				
				
				
				
				
				
				
				
				
				
				
				
				
				
				
				
				
				
				
				
				
				
				
				
				
				
				
				
				
				
				
				
				
				
				
				
				
				
				
				
				
				
				
				
				
				
				
				
				
				
				
				
				
				
				
				
				
				
				
				
				
				
				
				
				
54126.75089	38.62240844304673	-0.24881411371297704	36.18077069060024	-2.6904518661594663
#54238.514970000004	37.95455562179396	-0.9166669349657494	35.14477069060025	-3.7264518661594606
#54239.520984999996	37.81896023955672	-1.0522623172029837	35.17677069060024	-3.694451866159464
				
#54243.091685	37.78907587026825	-1.0821466864914582	35.12477069060024	-3.7464518661594637
#54244.59936	37.84918824008625	-1.0220343166734578	35.25677069060024	-3.614451866159466
#54246.078205	37.80030935978859	-1.070913196971115	35.17677069060024	-3.694451866159464
#54247.0742	37.77329643405672	-1.0979261227029893	35.24077069060024	-3.630451866159464
#54252.178445	37.407471088324584	-1.463751468435123	35.316770690600244	-3.5544518661594635
54254.612114999996	37.30183588211568	-1.5693866746440248	35.380770690600244	-3.4904518661594635
54255.32483	37.30371915942989	-1.5675033973298182	35.35677069060024	-3.5144518661594644
54256.275745000006	37.257559701109926	-1.6136628556497807	35.40077069060024	-3.4704518661594674
54257.269790000006	37.265933186962364	-1.6052893697973427	35.428770690600246	-3.4424518661594616
54258.23456	37.25587817016817	-1.6153443865915404	35.35677069060024	-3.5144518661594644
54260.4539	37.2008821496965	-1.6703404070632102	35.48877069060024	-3.3824518661594665
54261.20443	37.20282611033801	-1.668396446421698	35.38477069060024	-3.4864518661594657
54267.2048	37.12507208571371	-1.746150471045996	35.44877069060024	-3.4224518661594656
54268.100055	37.200376736277306	-1.670845820482401	35.42077069060024	-3.4504518661594643
54269.264735	37.16092667425069	-1.7102958825090182	35.504770690600246	-3.366451866159461
				
54273.49944	37.16795024624373	-1.7032723105159802	35.520770690600244	-3.350451866159463
54275.43213	37.159103237274124	-1.7121193194855833	35.46477069060024	-3.4064518661594674
54276.33469	37.663537607534444	-1.2076849492252633	35.508770690600244	-3.3624518661594633
54277.150735	37.18784391310086	-1.6833786436588438	35.468770690600245	-3.4024518661594625
54278.315885	37.22892891290221	-1.6422936438574949	35.51677069060025	-3.3544518661594607
54279.215240000005	37.54993854031208	-1.3212840164476303	35.47677069060024	-3.394451866159467
54280.177410000004	37.916514821753395	-0.9547077350063117	35.504770690600246	-3.366451866159461
54282.200039999996	37.752294444501295	-1.1189281122584118	35.480770690600245	-3.390451866159462
54283.217875	37.31281982768135	-1.558402729078355	35.532770690600245	-3.3384518661594624
54284.110134999995	37.34073352162077	-1.530489035138937	35.48477069060024	-3.3864518661594643
54286.14827	37.370930258209505	-1.5002922985502023	35.452770690600246	-3.4184518661594607
54290.19315000001	37.95790182511029	-0.9133207316494162	35.596770690600245	-3.2744518661594624
54291.285275	37.49867092402619	-1.372551632733514	35.51277069060024	-3.3584518661594656
54292.27689	37.53728717822447	-1.33393537853524	35.56477069060024	-3.306451866159466
54293.314920000004	37.482072842407696	-1.389149714352011	35.520770690600244	-3.350451866159463
54295.376135	37.61934948725461	-1.2518730695050975	35.53677069060024	-3.3344518661594647
				
				
54297.897744999995	37.82271686610369	-1.0485056906560173	35.56477069060024	-3.306451866159466
54299.332324999996	37.59205156665659	-1.2791709901031139	35.556770690600246	-3.3144518661594615
				
				
54301.93499	37.62799041441152	-1.2432321423481862	35.55277069060024	-3.3184518661594664
54303.986655	37.604307603459795	-1.2669149532999127	35.59277069060024	-3.2784518661594673
54305.29106	37.77684540495988	-1.0943771517998284	35.59277069060024	-3.2784518661594673
				
54307.928055	37.66885158064817	-1.2023709761115338	35.65277069060024	-3.218451866159465
54309.157555	37.83298834038338	-1.0382342163763265	35.544770690600245	-3.326451866159462
54311.158095000006	37.825174786580284	-1.046047770179423	35.53677069060024	-3.3344518661594647
				
				
54316.23573	37.672435605359816	-1.1987869513998912	35.52477069060024	-3.346451866159465
				
54318.579385	37.91935962361326	-0.9518629331464464	35.620770690600246	-3.2504518661594615
				
54325.9388	37.685869329986744	-1.1853532267729632	35.62877069060024	-3.242451866159466
				
				
54329.187435	37.6891638231749	-1.1820587335848058	35.60477069060024	-3.266451866159467
				
54331.120039999994	37.87565166970869	-0.995570887051019	35.620770690600246	-3.2504518661594615
54333.164319999996	37.81515329517532	-1.056069261584386	35.60477069060024	-3.266451866159467
				
54335.17632	37.84999027647907	-1.021232280280638	35.57677069060024	-3.2944518661594655
				
54339.1476	37.65468196644747	-1.2165405903122373	35.51277069060024	-3.3584518661594656
				
				
54347.035059999995	37.51995108918745	-1.3512714675722561	35.53677069060024	-3.3344518661594647
				
				
				
				
54353.173635	37.398087677931834	-1.4731348788278735	35.47677069060024	-3.394451866159467
				
				
				
				
				
54360.518145	37.29456911610953	-1.5766534406501787	35.46077069060024	-3.410451866159465
				
				
				
54364.981035000004	37.2359411202979	-1.6352814364618053	35.53677069060024	-3.3344518661594647
54367.001229999994	37.61478287689522	-1.2564396798644877	35.468770690600245	-3.4024518661594625
				
				
				
				
				
54374.978265	37.08858057562962	-1.7826419811300864	35.428770690600246	-3.4424518661594616
54498.055810000005	36.6096331349274	-2.2615894218323076	35.328770690600244	-3.542451866159463
				
				
				
				
				
				
				
				
				
				
				
				
				
				
				
				
				
				
				
				
				
				
				
				
				
				
				
				
				
				
				
				
				
				
				
				
				
				
				
				
				
				
				
				
				
				
				
				
				
				
				
				
				
				
				
				
				
				
				
				
				
				
				
				
				
				
				
				
				
				
				
				
				
				
				
				
				
				
				
				
				
				
				
				
				
				
				
				
				
				
				
				
				
				
				
				
				
				
54643.46204	37.00761537302807	-1.8636071837316406	35.38477069060024	-3.4864518661594657
54644.482405	36.87412308117851	-1.9970994755811968	35.324770690600246	-3.546451866159461
				
54645.98033	36.777620580693366	-2.093601976066341	35.35677069060024	-3.5144518661594644
54647.38647	37.00005028289726	-1.8711722738624443	35.392770690600244	-3.478451866159463
54648.277799999996	37.03148419494082	-1.8397383618188838	35.392770690600244	-3.478451866159463
				
				
54651.31555	36.99621196006486	-1.875010596694845	35.428770690600246	-3.4424518661594616
				
54652.966015	37.03033689759778	-1.8408856591619296	35.392770690600244	-3.478451866159463
54653.974050000004	37.12248673539454	-1.7487358213651687	35.46077069060024	-3.410451866159465
				
54655.941745000004	37.040873315316865	-1.8303492414428415	35.46477069060024	-3.4064518661594674
				
54658.469425	37.183396854208475	-1.6878257025512324	35.47677069060024	-3.394451866159467
				
				
54661.116615	36.904346034350034	-1.966876522409673	35.42477069060024	-3.4464518661594665
54662.11201	37.09710808545528	-1.7741144713044248	35.468770690600245	-3.4024518661594625
				
				
				
54666.06476	37.21431061305996	-1.6569119436997495	35.440770690600246	-3.430451866159461
54671.047425	37.13459031855861	-1.7366322382010988	35.46077069060024	-3.410451866159465
				
				
				
				
				
				
				
				
				
				
				
				
				
				
				
				
				
				
				
				
				
				
				
				
				
				
				
				
				
				
				
				
				
				
				
				
				
				
				
				
54889.229170000006	37.16861142097335	-1.7026111357863583	35.48877069060024	-3.3824518661594665
54890.197125000006	37.30474296982798	-1.5664795869317298	35.58877069060024	-3.282451866159465
54891.298754999996	37.425564734445786	-1.4456578223139214	35.55277069060024	-3.3184518661594664
54892.220185	37.334836839692755	-1.5363857170669515	35.632770690600246	-3.238451866159461
54894.247025000004	37.58981770293651	-1.2814048538232	35.59277069060024	-3.2784518661594673
54895.655455	37.654402693708924	-1.216819863050783	35.54077069060024	-3.330451866159467
54896.28869	37.633061623464336	-1.2381609332953714	35.572770690600244	-3.2984518661594633
54897.51717	37.841167951246234	-1.030054605513473	35.70877069060025	-3.1624518661594605
				
				
				
				
				
				
				
				
				
				
				
				
				
				
				
				
				
				
				
				
				
				
				
				
				
				
				
				
				
				
				
				
				
				
				
				
				
				
				
				
				
				
				
				
				
				
				
				
				
				
				
				
				
				
				
				
				
				
				
				
				
				
				
				
				
				
				
				
				
				
				
				
				
				
				
				
				
				
				
				
				
				
				
				
				
				
				
				
				
				
				
				
55011.75171	37.05306083197393	-1.818161724785777	35.43277069060024	-3.438451866159464
55013.189125000004	37.37365342142418	-1.4975691353355272	35.452770690600246	-3.4184518661594607
