3943.582,3.111
3952.381,3.833
3967.909,4.028
3979.296,4.639
3996.894,5
4009.317,5.167
4017.598,4.806
4022.774,4.528
4033.126,3.75
4043.478,3.917
4050.725,5.389
4056.936,5.861
4073.499,5.278
4090.062,4.639
4097.308,4.194
4111.801,4.139
4120.083,3.583
4129.4,4.444
4189.441,5.278
4193.582,4.917
4196.687,4.528
4209.11,4.944
4213.251,5.694
4224.638,6.361
4228.778,6.889
4233.954,7.278
4238.095,6.75
4246.377,6.472
4261.905,6.722
4269.151,5.778
4277.433,5.583
4285.714,6.083
4295.031,5.917
4302.277,5.111
4308.489,5.639
4314.7,5.861
4317.805,6.083
4319.876,6.417
4322.981,6.028
4326.087,5.833
4330.228,5.694
4335.404,5.444
4341.615,5.194
4343.685,4.972
4349.896,4.75
4355.072,4.556
4360.248,4.389
4367.495,4.806
4371.636,5.528
4374.741,5.222
4386.128,5.472
4389.234,4.972
4393.375,4.583
4398.551,4.361
4405.797,4.139
4415.114,4.444
4418.219,4.75
4427.536,4.667
4433.747,5.111
4439.959,4.667
4442.029,4.194
4450.311,3.917
4453.934,3.417