3949.689,0.321
3959.544,0.325
3962.656,0.33
3966.805,0.337
3969.917,0.348
3974.066,0.354
3980.29,0.354
3986.515,0.354
3993.776,0.363
4002.075,0.367
4006.224,0.371
4017.635,0.374
4020.747,0.366
4028.008,0.364
4032.158,0.359
4036.307,0.355
4040.456,0.353
4045.643,0.355
4050.83,0.366
4054.979,0.37
4059.129,0.376
4063.278,0.382
4072.614,0.38
4077.801,0.377
4082.988,0.382
4091.286,0.368
4095.436,0.371
4236.515,0.494
4241.701,0.5
4252.075,0.5
4262.448,0.49
4272.822,0.483
4282.158,0.478
4290.456,0.473
4299.793,0.468
4308.091,0.467
4317.427,0.467
4325.726,0.461
4331.95,0.454
4341.286,0.45
4345.436,0.443
4351.66,0.437
4360.996,0.435
4367.22,0.437
4376.556,0.436
4379.668,0.431
4384.855,0.425
4390.041,0.42
4392.116,0.415
4397.303,0.407
4401.452,0.402
4408.714,0.398
4418.05,0.403
4424.274,0.401
4430.498,0.406
4437.759,0.408
4440.871,0.403
4446.577,0.402