55290.573489 16.557267  0.016186 
55296.567583 16.502267  0.023854 
55298.454448 16.533600  0.011045 
55304.462523 16.491267  0.011619 
55307.739678 16.662600  0.012083 
55307.748154 16.668933  0.015166 
55308.603110 16.531267  0.009644 
55308.690070 16.695267  0.010100 
55308.697325 16.671933  0.009055 
55308.705253 16.665933  0.009055 
55308.712517 16.633933  0.009055 
55308.721114 16.580267  0.009055 
55308.729101 16.550600  0.009055 
55310.428155 16.687600  0.014071 
55313.576543 16.698600  0.020347 
55313.584129 16.676600  0.021932 
55313.694341 16.699267  0.015166 
55317.468530 16.626933  0.012083 
55319.389656 16.579267  0.011619 
55323.379296 16.551267  0.011619 
55325.457965 16.590600  0.009055 
55329.373452 16.586600  0.009055 
55329.640935 16.684600  0.011619 
55331.550866 16.555267  0.009055 
55338.348608 16.571933  0.018166 
55341.351172 16.525600  0.021886 
55344.319344 16.563600  0.024372 
55346.321369 16.684600  0.017146 
55352.361404 16.652933  0.008544 
55356.545261 16.642933  0.012083 
55356.553219 16.624933  0.011045 
55356.561268 16.618267  0.011619 
55359.337346 16.594267  0.011619 
55362.461972 16.621933  0.010100 
55362.469239 16.625933  0.011045 
55362.476551 16.613933  0.010100 
55362.542971 16.617267  0.010536 
55365.427134 16.639267  0.035000 
55365.435679 16.693267  0.036277 
55365.443723 16.723267  0.026153 
55365.459709 16.740267  0.020616 
55365.462915 16.721600  0.008124 
55365.467050 16.729933  0.018628 
55365.475639 16.695933  0.022181 
55365.483535 16.693267  0.015588 
55365.490845 16.683267  0.012083 
55365.498915 16.630933  0.016643 
55367.339881 16.638600  0.010536 
55370.321191 16.598600  0.014663 
55373.304495 16.551933  0.019287 
55377.303973 16.584267  0.008544 
55379.372228 16.539600  0.009055 
55388.312086 16.559267  0.008544 
55391.316981 16.586600  0.008124 
55394.433739 16.581600  0.009644 
55394.458766 16.590933  0.009644 
55394.472049 16.572267  0.009644 
55394.479990 16.575267  0.009644 
55395.419192 16.561600  0.014071 
55395.499925 16.631933  0.011619 
55403.341400 16.686600  0.012689 
55409.457628 16.560267  0.009644 
55412.457286 16.582600  0.010100 
55439.375103 16.534600  0.011619 
55454.336549 16.519267  0.009644 
55698.478795 16.566267  0.025826 
55701.364651 16.662267  0.021703 
55705.490973 16.707267  0.014071 
55706.649797 16.585933  0.020149 
55707.398627 16.662933  0.016062 
55709.504149 16.633267  0.017578 
55710.439467 16.562933  0.013601 
55714.527665 16.631600  0.015166 
55716.627220 16.673933  0.024597 
55719.475230 16.618600  0.014071 
55722.445475 16.662267  0.015166 
55722.491517 16.612267  0.033317 
55726.284333 16.603933  0.027641 
55731.707772 16.590933  0.026268 
55736.629898 16.615267  0.017578 
55739.689360 16.650600  0.028723 
55741.307442 16.635933  0.015588 
55743.563100 16.617267  0.017578 
55745.413717 16.603267  0.030232 
55749.299472 16.651933  0.021119 
55749.632513 16.616600  0.030232 
55752.347168 16.542267  0.018166 
55758.344945 16.630267  0.021703 
55761.337966 16.638600  0.017146 
55766.489710 16.597600  0.015588 
55773.639015 16.620267  0.019570 
55785.437179 16.614933  0.030397 
55791.441252 16.551600  0.020761 
55800.499509 16.609267  0.018628 
55803.353547 16.590600  0.016643 
55809.445579 16.603600  0.022738 
55810.293221 16.598267  0.020761 
55814.432959 16.574600  0.024799 
55825.343737 16.556267  0.027203 
55837.302485 16.627600  0.024290 
55842.424479 16.637600  0.027386 
55957.648505 16.528600  0.023685 
55959.646872 16.534600  0.050010 
55962.628235 16.539600  0.023238 
55968.611179 16.539933  0.033317 
55971.614946 16.519267  0.027203 
55976.743444 16.623267  0.049214 
56022.747121 16.728933  0.117987 
56025.703698 16.583267  0.055669 
56027.765265 16.591267  0.073007 
56033.752582 16.579600  0.020149 
56037.436201 16.640600  0.023685 
56040.420788 16.642600  0.025671 
56048.634113 16.511267  0.018682 
56052.533635 16.565600  0.117346 
56054.614387 16.541267  0.038445 
56058.675701 16.562267  0.020149 
56060.642252 16.634600  0.020616 
56063.650268 16.622933  0.017146 
56067.493567 16.692600  0.020616 
56067.512056 16.662933  0.019131 
56084.495799 16.617600  0.035903 
56085.608752 16.602933  0.028758 
56093.607694 16.644267  0.022136 
56097.582018 16.683600  0.022605 
56102.560561 16.603600  0.060092 
56106.483908 16.642267  0.023685 
56108.570864 16.716267  0.028320 
56112.570658 16.582933  0.062793 
56115.429421 16.618600  0.022605 
56121.385705 16.684933  0.022605 
56126.443546 16.678933  0.019131 
56127.334580 16.659933  0.021703 
56129.471166 16.583600  0.018628 
56133.544484 16.571600  0.017578 
56136.494574 16.551267  0.027203 
56144.422948 16.695933  0.016643 
56148.464457 16.614267  0.030741 
56148.490663 16.624600  0.029648 
56150.420376 16.625933  0.019570 
56153.498867 16.601933  0.017578 
56154.352010 16.589267  0.030232 
56156.402581 16.596600  0.019131 
56160.394521 16.622933  0.021119 
56163.428387 16.593600  0.019723 
56171.398930 16.588933  0.021260 
56174.397653 16.434933  0.018055 
56181.391243 16.577600  0.018628 
56192.463255 16.657933  0.036973 
56195.432723 16.596933  0.026268 
56196.299308 16.572267  0.036524 
56199.328402 16.544600  0.058489 
56201.212758 16.551933  0.086360 
56204.442472 16.630933  0.019131 
56216.258483 16.607933  0.033317 
56219.250138 16.596267  0.029360 
56317.659164 16.625600  0.039446 
56351.645766 16.617267  0.047728 
56353.559726 16.629600  0.083994 
56357.633070 16.561600  0.038497 
56362.700150 16.591600  0.024290 
56368.623877 16.589933  0.098676 
56368.669913 16.651600  0.042907 
56377.631019 16.657600  0.062442 
56380.725096 16.576600  0.030838 
56389.582964 16.637267  0.035763 
56389.668194 16.611600  0.021703 
56392.731682 16.633933  0.022605 
56401.592216 16.598267  0.034380 
56411.508584 16.612933  0.074853 
56431.694018 16.637600  0.027092 
56441.550204 16.686933  0.017578 
56443.470898 16.651933  0.038341 
56447.491380 16.749267  0.036249 
56447.495032 16.759600  0.036249 
56447.549027 16.686267  0.034205 
56447.551909 16.655267  0.035299 
56447.554922 16.652600  0.035299 
56447.557906 16.662267  0.035185 
56447.609518 16.647267  0.025100 
56447.612506 16.670933  0.026153 
56447.615672 16.667933  0.027092 
56447.797203 16.702933  0.038743 
56448.506491 16.620267  0.060967 
56449.584954 16.655600  0.041893 
56453.501851 16.666933  0.041893 
56456.548861 16.754933  0.054873 
56457.357975 16.712267  0.043875 
56457.377414 16.734267  0.053075 
56457.398535 16.686933  0.048436 
56457.579665 16.585933  0.050458 
56457.582849 16.599933  0.055018 
56460.548415 16.650267  0.037749 
56460.552867 16.624600  0.043405 
56461.440203 16.723600  0.040398 
56461.443173 16.725267  0.039737 
56461.446249 16.756600  0.040398 
56461.449331 16.701933  0.039421 
56461.452286 16.686933  0.038341 
56461.455691 16.692267  0.075776 
56461.459669 16.680267  0.038341 
56461.481341 16.642600  0.035299 
56461.484425 16.638933  0.035763 
56461.487419 16.640600  0.035299 
56461.490822 16.665267  0.035763 
56461.493802 16.636600  0.035299 
#56461.502228 17.413933  0.017493 
56461.523284 16.654600  0.035763 
56461.526246 16.669933  0.035763 
56461.529208 16.698267  0.035763 
56461.532317 16.684267  0.035763 
56461.535244 16.662267  0.035763 
56461.538333 16.740933  0.053572 
56549.249171 16.633267  0.082638 
56567.234679 16.623600  0.094372 
56570.234245 16.625600  0.044520 
56573.247135 16.659933  0.052125 
56575.238959 16.688267  0.061474 
56579.239673 16.646933  0.069871 
56581.252978 16.687600  0.079987 
56582.224645 16.599267  0.070043 
56585.222446 16.518267  0.070640 
56587.236702 16.639600  0.047371 
56589.231412 16.632600  0.054982 
56590.254286 16.674600  0.053207 
56601.215667 16.655933  0.062073 
56713.765177 16.647600  0.049830 
56812.425747 16.691933  0.014071 
56820.596109 16.720267  0.041340 
56825.693434 16.743267  0.024597 
56826.553238 16.833267  0.017146 
56826.574732 16.761267  0.017635 
56839.365260 16.808267  0.014071 
56840.285529 16.731933  0.016062 
56855.468545 16.679600  0.014663 
56862.457249 16.675600  0.018628 
56869.595436 16.689933  0.022605 
56874.343407 16.620933  0.016186 
56880.457451 16.669600  0.029648 
56888.352619 16.665600  0.014071 
56897.232190 16.690267  0.015166 
56932.292222 16.727933  0.032558 
56938.269257 16.726267  0.067454 
57051.670347 16.773600  0.022181 
57055.660029 16.916267  0.020712 
57070.619124 16.882267  0.017635 
57104.576922 16.951267  0.022694 
57114.498420 17.058600  0.029360 
57121.489069 17.061267  0.036973 
57128.458463 17.136933  0.027767 
57135.485253 17.028600  0.017146 
57155.609645 17.147267  0.022694 
57156.431258 17.152600  0.024207 
57167.664635 17.072933  0.028653 
57175.592661 17.161933  0.043886 
57181.528515 17.207933  0.021307 
57196.566890 17.092600  0.019131 
57203.400969 16.991933  0.039987 
57209.490627 16.988933  0.020149 
57226.416168 17.013933  0.019131 
57231.451457 17.063267  0.053879 
57237.423823 16.962267  0.023238 
57246.268806 16.950267  0.016583 
57303.227516 16.876267  0.023108 
57310.391558 16.933267  0.030232 
57322.207729 16.853267  0.047927 
57429.636341 16.759933  0.024597 
57436.656378 16.815267  0.026153 
57443.599975 16.768933  0.037934 
57446.590117 16.806267  0.033690 
57471.541844 16.812600  0.034857 
57482.487646 16.791600  0.033690 
57482.552881 16.817933  0.028142 
57538.479542 16.815600  0.023601 
57542.569770 16.866933  0.012083 
57549.549073 16.859267  0.012610 
57558.571983 16.821267  0.074545 
57576.403534 16.871267  0.012083 
57582.331960 16.816267  0.013675 
57592.374098 16.870267  0.019339 
57601.418325 16.913933  0.012083 
57622.368481 16.935600  0.018735 
57650.432968 17.554267  0.031369 
57657.298173 18.209267  0.067868 
57681.389858 18.955600  0.068753 
57698.198810 20.449600  0.295674 
57783.663806 18.169267  0.064296 
57797.623031 17.067933  0.045651 
57798.621437 16.964933  0.038144 
57799.386816 17.009933  0.030968 
57799.775908 16.967267  0.065628 
57800.773383 17.023600  0.115858 
57801.384364 17.042267  0.031890 
57801.769249 16.964600  0.168639 
#57801.770719 16.952933  0.067209 bad_star8_i'
57802.768061 17.028267  0.068125 
57804.766226 17.032600  0.084676 
57804.772667 17.027933  0.082183 
57807.394323 17.050600  0.019287 
57807.463757 17.057267  0.018735 
57808.108029 17.075267  0.017692 
57809.105297 17.078267  0.019672 
57810.102676 17.064267  0.029360 
57811.099824 17.108267  0.021260 
57814.104309 17.079933  0.019287 
57816.089192 17.081933  0.017146 
57818.083761 17.070267  0.019672 
57818.565527 17.039267  0.016186 
57820.078283 17.065933  0.017692 
57823.070125 17.117600  0.034220 
57824.067304 17.108600  0.057061 
57826.314140 17.118600  0.035285 
57828.056969 17.114933  0.033615 
57830.065173 17.182267  0.064969 
57835.101317 17.222600  0.020857 
57846.038429 17.258600  0.017748 
57846.048233 17.271600  0.017378 
57847.035765 17.283933  0.017748 
57851.278900 17.453267  0.025632 
57853.036542 17.519933  0.035086 
57856.261181 17.869600  0.089917 
57857.620736 18.014267  0.142039 
57862.097209 18.293933  0.037961 
57865.003300 18.992933  0.044102 
57866.989368 20.289600  0.199040 
57868.003333 19.548933  0.067246 
57868.046237 19.720600  0.059925 
57868.054629 19.587600  0.053047 
57870.612631 18.899933  0.047529 
57874.363361 17.899267  0.032772 
57877.616871 18.120600  0.037987 
57879.573685 18.179933  0.033045 
57881.580338 18.441267  0.107215 
57889.559520 18.229933  0.258714 
57893.639086 18.656267  0.043955 
57898.041195 19.803267  0.085147 
57898.704951 19.367933  0.082879 
57899.764824 19.233933  0.084232 
57932.398345 21.197600  0.216254 
